
"0,NA,1,NA,0,NA,NA,1,NA,0,1,NA,NA,1,NA,1,1,NA,1,0,NA,0,0,NA,1,0,NA,1,1,0,1,NA,0,0,0,0,1,1,1,0,0,1,0,NA,NA,0,NA,1,0,NA,NA,0,NA,NA,0,NA,NA,0,NA,NA,0,NA,NA,0,NA,NA,0,NA,NA,0,NA,NA,0,NA,NA,1,NA,NA,1,NA,NA,NA,0,NA,NA,NA,1,NA,1,NA,0,NA,NA,0,NA,0,NA,NA,0,0,NA,0,0,NA,0,0,0,0,1,NA,0,NA,0,NA,1,NA,NA,0,0,NA,0,NA,NA,NA,NA,NA,NA,NA,0,NA,NA,NA,NA,NA,0,1,NA,1,NA,NA,NA,NA,NA,NA,1,NA,NA,NA,NA,NA,NA,NA,NA,NA,NA,NA,NA,NA,NA,NA,NA,NA,NA,NA,NA,NA,NA,NA,NA,NA,NA,NA,1,NA,NA,NA,NA,1,NA,NA,NA,NA,1,1,NA,NA,1,1,1,NA,NA,NA,NA,NA,NA,NA,NA,NA,NA,NA,NA,NA,NA,NA,NA,NA,NA,NA,1,1,1,1,NA,NA,NA,NA,NA,NA,NA,NA,NA,NA,NA,NA,NA,NA,NA,NA,NA,NA,NA,NA,NA,NA,NA,NA,NA,NA,NA,NA,NA,NA,NA,NA,NA,NA,NA,NA,NA,NA,NA,NA,NA,NA,NA,NA,NA,NA,NA,NA,NA,NA,NA,NA,NA,NA,NA,NA,NA,NA,NA,NA,NA,NA,NA,NA,NA,NA,NA,NA,NA,NA,NA,NA,NA,NA,NA,NA,NA,1,NA,NA,NA,NA,NA,NA,NA,NA,NA,NA,1,1,1,1,1,1,1,"
"0,0,0,0,0,1,NA,1,0,0,NA,NA,0,1,1,0,1,0,0,0,0,0,NA,0,1,0,0,0,0,0,0,0,0,1,0,0,0,0,1,0,0,0,0,0,0,0,0,0,0,0,0,0,0,1,0,0,1,0,0,1,0,0,1,0,0,1,0,1,0,0,0,1,0,1,1,1,1,0,1,NA,1,NA,0,1,NA,0,0,0,0,NA,0,1,0,NA,1,0,1,1,0,0,1,1,0,0,1,0,NA,0,0,0,0,0,0,0,1,NA,1,0,0,0,0,0,0,0,0,0,0,1,0,NA,NA,NA,0,0,0,NA,0,0,0,NA,0,1,0,0,0,0,0,0,0,0,0,NA,1,0,0,1,0,0,1,0,0,0,1,NA,0,0,0,0,0,1,1,1,1,1,1,1,1,1,1,1,1,1,1,1,1,1,1,1,1,1,1,1,1,1,1,1,1,1,1,1,1,1,1,1,1,NA,1,1,1,1,1,1,1,1,1,1,1,1,1,1,1,1,1,1,1,NA,1,1,1,1,1,1,1,1,1,1,1,1,1,1,1,1,1,1,1,1,1,NA,1,1,1,1,1,1,1,1,1,1,1,1,1,1,1,1,1,1,1,1,1,1,1,1,1,1,1,NA,1,1,1,1,1,1,1,1,1,1,1,1,1,1,1,1,NA,NA,1,1,1,1,1,1,1,1,1,1,1,1,1,"

"0,0,1,0,0,0,0,1,0,0,0,1,0,0,1,1,0,0,1,0,0,0,0,0,1,1,0,0,1,0,0,0,0,1,0,0,0,0,1,0,0,0,1,0,0,0,0,0,1,0,0,0,0,0,0,0,0,0,1,1,0,0,1,0,1,0,0,1,0,0,0,1,0,0,1,1,1,0,1,0,0,0,0,1,0,1,1,0,0,0,0,1,0,0,0,NA,0,0,0,0,0,1,0,1,0,0,0,0,0,0,0,0,1,0,0,0,1,0,0,1,1,0,0,1,0,0,0,0,0,0,0,0,1,NA,0,1,0,0,0,0,0,1,0,0,1,0,0,0,0,0,0,1,1,0,0,1,0,1,1,1,0,0,0,1,1,0,1,0,0,1,1,1,1,1,1,1,1,1,1,1,1,1,1,1,1,1,1,1,1,1,1,1,1,1,1,1,1,1,1,1,1,1,1,1,1,1,1,1,1,1,1,1,1,1,1,1,1,1,1,1,1,1,1,1,1,1,1,1,1,1,1,1,1,1,1,1,1,1,1,1,1,1,1,1,1,1,1,1,1,1,1,1,1,1,1,1,1,1,1,1,1,1,1,1,1,1,1,1,1,1,1,1,1,1,1,1,1,1,1,1,1,1,1,1,1,1,1,1,1,1,1,1,1,1,1,1,1,1,1,1,1,1,1,1,1,1,1,"
"0,0,1,1,0,1,0,1,NA,0,0,1,0,NA,1,0,0,0,1,0,0,1,1,0,1,NA,0,1,1,0,1,0,1,0,0,1,0,0,0,0,0,0,NA,0,0,0,0,0,NA,NA,0,NA,0,0,0,NA,0,0,0,0,0,0,1,NA,NA,1,NA,NA,1,0,0,0,NA,NA,0,NA,1,0,NA,0,1,0,0,NA,0,0,NA,0,NA,0,NA,NA,0,0,1,0,0,0,1,NA,1,NA,NA,0,NA,0,0,0,0,0,0,0,0,0,0,0,1,0,0,0,0,NA,0,1,0,1,1,0,NA,0,0,0,NA,NA,0,1,0,1,0,NA,0,NA,0,0,NA,0,NA,0,0,0,0,1,NA,1,0,1,0,0,1,NA,0,NA,0,0,NA,NA,NA,1,NA,1,NA,1,0,1,1,1,NA,1,1,1,1,1,1,1,1,1,0,NA,0,NA,NA,1,1,1,1,1,0,NA,1,0,1,1,1,1,1,NA,1,NA,1,1,NA,0,NA,0,NA,0,0,0,0,0,1,1,NA,1,0,0,0,0,1,1,NA,1,0,1,1,1,1,1,1,0,NA,NA,0,0,1,1,1,1,1,1,1,1,1,NA,1,1,1,1,1,NA,0,NA,NA,1,1,0,1,1,0,0,NA,1,1,1,1,0,1,1,1,1,NA,0,1,1,1,NA,1,1,NA,0,0,0,0,0,1,1,1,1,1,0,NA,1,1,1,1,1,NA,"
"0,0,1,1,0,1,0,1,0,0,0,1,0,1,1,1,0,0,1,1,0,1,0,0,1,0,1,0,1,0,0,0,0,1,0,0,0,1,1,0,0,0,0,0,0,0,0,0,0,0,0,0,1,0,0,0,1,0,0,1,0,0,1,0,0,1,NA,1,1,0,0,1,0,0,0,1,0,1,1,0,1,0,0,1,0,1,0,0,0,0,0,1,0,NA,0,1,1,0,1,0,1,0,0,1,NA,NA,0,1,0,0,0,0,NA,0,1,0,0,0,0,0,1,0,0,1,0,0,0,0,NA,0,0,1,1,0,0,1,0,1,0,0,0,1,0,0,1,0,0,0,1,NA,NA,1,1,0,0,NA,0,NA,NA,1,NA,0,0,1,0,0,0,0,0,1,1,1,1,1,1,1,1,1,1,1,1,1,1,1,1,1,1,1,1,1,1,1,1,1,1,1,1,1,1,1,1,1,1,1,1,1,1,1,1,1,1,1,1,1,0,1,1,1,1,1,1,1,1,1,1,1,1,1,1,1,1,1,1,1,1,1,1,1,1,1,1,1,1,0,1,1,1,1,1,1,1,1,1,1,1,1,1,1,1,1,1,1,1,1,1,1,1,1,1,1,1,1,1,1,1,1,1,1,1,1,1,0,1,1,1,1,1,1,1,1,1,1,1,1,1,1,1,NA,1,1,1,1,1,1,1,1,1,"
"0,0,1,1,0,1,0,1,0,0,1,1,0,0,1,1,1,0,0,0,0,0,1,1,1,0,0,1,1,0,0,1,1,1,1,0,0,1,1,0,0,0,0,0,0,0,0,0,0,0,0,0,0,1,0,0,0,0,0,1,0,1,1,0,0,1,0,1,1,0,0,1,0,1,1,1,1,1,1,0,0,0,0,1,1,0,1,0,0,1,0,1,0,0,0,0,1,0,0,0,1,0,0,1,0,0,0,0,1,0,0,0,0,0,1,0,1,0,0,0,1,1,0,1,0,0,0,1,0,0,0,1,1,0,0,1,0,1,0,0,0,1,0,0,1,1,0,0,0,0,0,1,0,1,0,1,0,1,1,1,0,0,0,1,0,0,0,1,1,1,1,1,1,1,1,1,1,1,1,1,1,1,1,1,1,1,1,1,1,1,1,1,1,1,1,1,1,1,1,1,1,1,1,1,1,1,1,1,1,NA,1,1,1,1,1,1,1,1,1,1,1,1,1,1,1,1,1,1,1,1,1,1,1,1,1,1,1,1,1,1,1,1,1,1,1,1,1,1,1,1,1,1,1,1,1,1,1,1,1,1,1,1,1,1,1,1,1,1,1,1,1,1,1,1,1,1,1,1,1,1,1,1,1,1,1,1,1,1,1,1,1,1,1,1,1,1,1,1,1,1,1,1,1,1,1,1,1,"

"0,1,1,0,0,1,0,1,0,0,0,1,0,1,1,1,0,1,0,1,0,0,0,0,1,0,1,0,1,0,1,0,0,1,0,1,0,1,1,0,0,0,0,0,0,0,0,0,0,0,0,0,0,1,0,0,1,0,0,1,0,0,1,0,0,1,0,1,1,0,0,1,0,0,0,1,1,1,1,0,0,0,0,1,0,0,0,0,0,0,0,0,0,0,0,1,1,0,0,0,0,0,0,1,1,0,0,1,0,0,0,0,1,0,1,0,0,0,0,0,0,0,0,1,0,0,0,0,1,0,0,0,1,0,0,1,0,1,0,0,0,1,0,0,0,0,0,0,0,0,0,1,1,1,0,1,1,0,0,1,0,NA,0,1,1,0,0,0,0,1,1,1,1,1,1,1,1,1,1,1,1,1,1,1,1,1,1,1,1,1,1,0,0,1,1,0,1,1,1,1,1,1,1,1,1,1,1,1,1,1,1,1,0,1,0,1,1,1,0,1,1,1,1,1,1,1,1,1,1,1,1,1,1,1,1,1,1,1,1,0,1,1,1,0,1,1,1,1,1,1,1,1,1,1,1,1,1,1,1,1,1,1,1,1,1,1,1,1,1,1,1,1,1,1,1,1,1,1,1,0,1,1,1,1,1,1,1,0,1,1,0,0,0,1,1,1,1,1,1,1,1,1,1,1,1,1,1,"
"0,1,1,0,0,1,0,1,0,0,0,1,0,1,1,1,0,1,1,1,0,0,0,0,1,0,1,1,1,0,0,0,0,1,0,0,1,1,1,0,0,0,0,0,0,0,0,0,0,0,0,0,0,0,0,0,1,0,0,1,0,1,1,0,0,1,0,1,1,0,0,1,NA,0,0,1,1,0,1,0,1,0,1,1,0,1,1,0,0,0,0,0,0,0,1,0,0,1,0,1,0,0,0,1,0,0,0,1,0,0,0,0,0,0,0,0,1,0,0,0,1,0,0,0,0,0,0,0,1,1,0,0,1,0,0,1,0,1,0,0,0,1,1,0,1,0,0,0,0,0,0,1,1,0,1,1,0,1,1,1,0,0,0,0,1,0,1,1,1,1,1,1,1,1,1,1,1,1,1,1,1,1,1,1,1,1,1,1,1,1,1,1,1,1,1,1,1,1,1,1,1,1,1,1,1,1,1,1,1,1,1,1,1,1,1,0,1,1,1,1,0,0,1,1,0,1,1,1,1,1,1,1,1,0,1,1,1,1,0,1,1,1,1,1,1,1,1,1,1,1,1,1,1,1,1,1,1,1,1,1,1,1,1,1,1,1,1,1,1,1,1,1,1,1,1,1,1,1,1,1,1,1,1,1,1,1,1,1,1,0,1,1,1,1,1,1,1,1,1,1,1,0,1,1,1,1,1,"
"0,1,1,0,0,1,0,1,1,0,0,1,0,0,1,1,0,0,1,0,NA,0,1,NA,1,1,NA,1,1,1,NA,1,0,1,1,0,0,1,1,NA,0,0,0,0,0,0,0,0,0,1,0,0,NA,NA,0,NA,1,NA,0,0,0,1,NA,0,0,0,0,1,1,NA,NA,1,0,1,NA,1,1,1,1,NA,1,0,0,1,NA,NA,1,0,0,1,0,1,0,0,0,0,1,0,1,1,0,0,0,1,1,1,0,1,0,0,0,0,0,0,0,0,1,NA,0,0,1,0,0,1,0,0,1,1,0,0,0,NA,0,NA,1,1,0,1,0,1,0,1,0,0,1,0,0,0,1,0,0,0,1,1,0,1,0,1,1,1,0,0,0,NA,1,0,1,1,0,NA,1,NA,1,1,1,1,1,NA,NA,NA,NA,NA,1,1,1,1,1,1,1,NA,1,NA,NA,NA,NA,1,NA,1,NA,1,NA,1,1,1,1,1,1,1,1,1,1,1,1,NA,NA,NA,1,NA,1,1,1,1,1,1,NA,NA,NA,NA,1,1,1,1,1,1,1,1,1,1,1,1,1,1,1,NA,NA,NA,1,1,NA,1,1,1,1,1,1,1,NA,1,1,1,1,1,1,NA,1,1,NA,NA,1,NA,1,1,1,1,NA,NA,NA,NA,NA,1,NA,NA,NA,1,NA,1,1,1,1,NA,NA,NA,NA,1,1,1,NA,NA,NA,NA,1,1,1,1,1,1,1,"
"0,1,1,1,0,1,0,1,0,0,0,1,0,0,1,1,1,0,1,0,1,0,1,0,1,1,1,0,1,0,1,0,0,0,0,1,0,0,1,0,0,0,0,1,0,0,0,0,1,0,0,0,0,1,0,0,1,0,0,1,1,1,1,0,0,0,0,1,1,0,0,1,0,0,0,1,1,1,1,0,1,0,0,1,0,0,1,0,0,0,0,1,0,0,0,0,1,0,0,0,1,0,0,1,0,0,0,1,0,0,0,0,0,0,1,0,0,0,0,0,0,0,0,0,0,0,1,1,1,1,0,1,1,0,0,1,0,1,0,0,0,1,0,0,0,0,0,0,0,0,0,1,1,0,0,1,0,0,1,1,0,0,0,0,1,0,1,1,1,1,1,1,1,1,1,1,1,1,1,0,1,1,0,1,1,1,1,1,1,0,1,1,1,1,1,1,1,1,1,1,1,1,1,1,1,1,1,1,1,1,1,1,1,1,1,1,1,1,1,1,1,1,1,1,1,1,1,1,1,1,1,1,1,1,1,1,1,1,1,1,0,1,1,1,1,1,1,1,1,1,1,1,1,1,1,1,1,1,1,1,1,1,1,1,1,1,1,1,1,1,1,1,1,1,1,1,1,1,1,1,1,1,1,1,1,NA,1,1,1,1,1,1,1,1,1,1,1,1,1,1,1,1,1,1,1,1,0,"
"0,1,1,1,0,1,0,1,0,0,0,1,1,0,1,1,0,0,0,0,1,0,0,0,1,1,1,1,1,0,0,0,1,1,0,0,1,0,1,0,0,0,0,0,0,0,0,0,0,0,0,0,0,0,0,0,0,0,0,1,0,1,1,0,1,1,0,1,0,0,0,0,0,0,0,1,1,0,1,0,1,0,0,1,0,0,0,0,0,0,0,1,0,0,0,0,1,0,0,1,0,1,0,1,0,0,0,1,0,0,0,0,0,0,1,0,0,0,0,0,0,0,0,0,0,0,0,0,0,0,0,0,1,0,0,1,0,0,0,0,0,1,0,0,0,0,0,0,0,0,0,1,1,1,0,1,0,1,1,1,0,0,0,0,1,0,1,1,1,1,1,1,1,1,1,1,1,1,1,1,1,1,1,1,1,1,1,1,1,1,1,1,1,1,1,0,1,1,1,1,1,1,1,1,1,1,1,1,1,1,1,1,1,NA,1,1,1,1,1,1,1,1,1,1,1,1,1,1,1,1,1,1,1,1,1,1,1,1,1,1,1,1,1,1,1,1,1,1,1,1,1,1,1,1,1,1,1,1,1,1,1,1,1,1,1,1,1,1,1,1,1,1,1,1,1,1,1,1,1,1,1,1,1,1,1,1,1,1,1,1,1,1,1,1,1,1,1,1,1,1,1,1,1,1,1,1,1,"
"0,1,1,1,0,1,0,1,0,1,0,1,0,0,1,1,1,0,0,1,0,0,1,1,1,0,0,1,1,0,0,0,0,1,0,0,0,1,1,0,0,1,0,0,0,0,0,0,0,0,0,0,0,1,0,0,0,NA,0,1,1,0,1,0,1,1,1,NA,0,0,0,1,0,0,1,1,1,1,1,0,0,0,0,0,0,NA,1,0,0,0,0,1,0,0,0,0,0,0,0,1,1,1,0,1,1,0,0,1,0,0,0,0,1,0,0,0,1,0,0,0,0,0,0,0,NA,0,1,0,0,0,0,0,1,0,1,0,0,1,0,0,0,1,0,1,0,0,0,0,0,0,0,1,0,1,0,1,0,1,1,1,1,0,0,1,0,0,NA,1,0,1,1,1,1,1,1,1,1,1,1,1,1,1,1,1,1,1,1,1,1,1,1,1,1,1,1,1,NA,1,1,1,1,1,1,1,1,1,1,1,1,1,1,1,1,1,1,1,NA,1,1,1,1,1,1,NA,1,NA,NA,1,1,1,1,1,1,1,1,1,1,1,1,1,1,1,1,1,1,1,1,NA,1,1,1,1,1,NA,1,1,1,1,1,1,1,1,1,1,1,1,1,1,1,1,1,1,1,1,1,1,1,1,1,1,1,1,1,1,1,1,1,1,1,1,1,1,1,1,1,1,1,1,1,1,1,1,1,1,1,1,1,"

"1,1,NA,1,NA,1,1,1,0,1,0,1,0,1,1,1,1,1,1,0,1,1,1,0,1,1,1,1,1,0,0,1,1,0,1,1,1,0,1,0,0,0,0,1,1,0,1,1,0,1,0,NA,NA,1,0,0,1,0,1,1,1,1,1,0,0,1,NA,1,1,0,1,1,0,1,1,1,1,1,1,0,1,1,NA,1,0,0,1,1,0,1,0,1,NA,0,1,0,1,0,NA,1,NA,NA,0,NA,NA,NA,NA,1,NA,NA,NA,NA,NA,NA,1,1,NA,0,0,1,NA,NA,NA,NA,NA,NA,NA,NA,0,0,0,0,NA,NA,0,1,NA,1,NA,0,0,1,1,NA,1,NA,NA,NA,0,1,1,0,1,1,1,1,0,NA,1,1,0,1,NA,0,1,NA,NA,NA,NA,NA,NA,NA,NA,NA,NA,NA,1,NA,NA,NA,NA,NA,NA,NA,1,1,NA,NA,NA,1,1,0,1,NA,NA,0,0,0,NA,0,NA,1,1,1,1,1,1,0,1,1,1,1,0,0,0,0,0,0,0,0,0,0,1,0,0,0,0,0,1,NA,NA,1,1,0,NA,0,1,1,0,0,0,NA,0,0,0,1,0,0,1,1,1,1,1,1,1,1,1,1,NA,0,NA,1,NA,NA,1,NA,NA,NA,NA,NA,1,1,1,1,NA,NA,NA,NA,NA,1,1,1,1,1,1,1,1,1,NA,NA,NA,0,0,0,1,1,NA,NA,NA,NA,NA,NA,NA,NA,NA,NA,NA,"
"1,1,0,1,0,1,0,1,0,0,0,1,0,0,1,0,1,1,1,1,1,0,1,1,1,1,1,0,1,0,0,0,0,0,0,1,1,0,1,0,0,0,0,0,0,0,0,0,1,1,0,0,0,1,1,0,1,0,0,1,1,1,1,0,0,1,1,1,0,0,0,0,0,0,0,1,1,1,1,0,0,0,0,1,0,0,1,0,0,0,0,1,0,0,0,0,0,0,0,0,1,1,0,1,0,0,0,0,0,0,0,0,0,0,0,0,0,0,1,0,1,0,0,0,0,0,1,0,1,0,0,0,0,0,0,0,0,1,0,1,0,1,0,1,1,0,0,0,0,0,0,0,0,1,0,1,1,1,1,1,0,0,0,1,1,0,1,1,1,1,1,1,1,1,1,1,1,1,1,1,1,1,1,1,1,1,1,1,1,1,1,1,1,1,1,1,1,1,1,1,1,1,1,1,1,1,1,1,1,1,1,1,1,1,1,1,1,1,1,1,1,1,1,1,1,1,1,1,1,1,1,1,1,1,1,1,1,1,1,1,1,1,1,1,1,1,1,1,1,1,1,1,1,1,1,1,1,1,1,1,1,1,1,1,1,1,1,1,1,1,1,1,1,1,1,1,1,1,1,1,1,1,1,1,1,1,1,1,1,1,NA,1,1,1,1,1,1,1,1,1,1,1,1,1,1,1,1,"

"1,1,0,1,1,1,0,1,0,0,0,1,0,0,1,0,0,0,1,1,0,0,1,0,1,0,1,1,1,0,0,0,0,1,0,0,0,0,1,0,0,0,0,1,1,0,0,0,0,1,0,0,0,1,0,0,0,0,0,1,0,0,1,0,1,1,1,1,1,0,1,1,0,0,1,1,1,0,1,0,1,0,1,1,0,0,1,0,0,0,0,0,0,0,0,0,0,0,0,0,1,1,0,1,0,0,0,0,1,0,0,0,1,0,0,0,1,0,0,0,0,0,0,0,0,1,0,0,0,0,0,1,1,0,0,1,0,0,0,0,0,1,0,0,1,0,0,0,0,0,1,1,1,1,1,1,0,1,1,NA,0,0,0,1,0,0,1,1,1,1,0,0,1,1,1,1,1,1,0,0,0,0,1,0,1,1,0,0,0,1,1,1,0,0,1,0,1,1,0,1,1,0,0,1,1,0,0,0,1,1,1,1,0,1,1,1,1,1,1,1,1,1,1,1,1,1,1,1,1,1,1,1,1,1,1,1,1,1,1,1,1,0,1,1,1,1,1,1,1,1,1,0,1,1,1,1,1,1,1,1,0,1,1,1,1,1,1,1,1,0,1,1,1,1,0,0,1,1,1,1,1,1,1,1,1,1,1,1,1,0,0,1,1,0,1,1,0,1,0,0,0,0,1,1,0,0,1,"
"1,1,1,0,0,0,0,1,0,0,0,1,0,1,1,1,1,0,1,0,1,1,0,1,1,1,0,1,1,0,0,1,1,1,0,1,0,1,1,0,0,0,0,0,0,0,0,0,0,1,1,1,0,0,0,0,0,0,1,1,0,1,0,0,0,1,0,0,1,0,0,1,0,0,1,1,1,1,1,0,0,0,1,1,1,1,1,0,1,0,0,0,0,1,0,0,1,NA,0,0,0,0,0,1,0,0,0,0,0,0,0,0,1,0,1,0,1,0,0,0,1,0,0,0,0,0,1,0,NA,NA,0,1,1,0,0,1,0,0,0,0,0,1,0,1,0,0,NA,0,1,0,1,1,1,1,1,1,1,NA,1,1,0,0,0,0,1,1,0,NA,NA,NA,NA,NA,0,NA,NA,NA,0,0,0,0,0,0,0,0,0,0,0,0,0,0,0,0,0,NA,NA,0,0,0,NA,0,NA,0,0,0,0,0,0,0,0,0,0,0,0,0,0,0,0,0,0,0,0,0,0,NA,0,0,0,0,0,NA,NA,0,0,0,NA,0,0,0,0,0,0,1,0,0,0,0,0,0,0,0,0,0,0,0,0,0,0,0,0,0,NA,0,NA,NA,0,NA,NA,NA,NA,0,0,0,0,0,NA,NA,NA,NA,NA,0,0,0,0,0,0,0,0,0,NA,0,0,0,0,0,0,0,NA,NA,0,0,0,0,0,0,0,0,0,"

"1,1,1,0,0,1,1,NA,1,0,0,1,0,0,1,1,0,0,1,0,0,0,1,0,1,0,1,0,1,0,0,0,0,1,0,0,0,0,1,0,0,0,0,NA,0,NA,0,0,0,0,0,0,0,1,0,0,0,0,0,1,0,NA,1,0,1,1,0,1,1,0,0,1,0,0,1,0,1,1,1,0,NA,1,0,1,0,0,1,NA,NA,0,0,0,0,0,0,0,0,0,0,NA,1,1,0,1,NA,0,0,0,0,NA,0,1,NA,0,NA,1,1,0,0,0,1,0,NA,1,0,0,1,1,1,0,0,NA,1,0,0,0,0,0,0,0,0,1,1,1,0,1,NA,0,0,0,1,1,0,1,0,1,0,0,1,1,0,0,1,1,1,1,1,1,0,1,1,1,1,1,1,1,1,1,NA,NA,1,NA,1,1,1,1,NA,1,NA,1,1,1,NA,NA,1,1,1,1,1,1,1,1,1,1,1,1,1,1,1,0,1,1,1,1,0,1,1,1,1,1,1,1,1,1,1,1,1,1,1,1,1,NA,NA,1,1,NA,1,1,1,1,1,1,1,1,1,1,NA,1,1,1,1,1,1,1,1,1,1,1,NA,1,1,1,1,1,1,NA,1,1,1,1,1,1,1,1,1,1,1,1,1,1,1,1,1,1,1,1,1,1,1,NA,0,0,1,1,NA,1,1,1,1,NA,0,1,NA,NA,NA,NA,NA,"
"1,1,1,0,1,1,0,1,1,0,0,1,NA,0,1,1,1,0,1,1,0,0,1,0,1,0,0,0,1,1,0,0,1,1,0,1,1,0,1,0,0,0,1,0,0,0,0,NA,1,0,1,0,0,0,NA,0,1,0,0,1,0,0,1,0,1,1,0,1,1,0,0,1,NA,0,1,1,1,1,1,0,1,1,0,1,0,0,1,0,0,NA,0,1,NA,0,0,0,0,NA,0,0,NA,0,0,NA,0,0,0,0,1,NA,0,NA,1,NA,0,0,NA,0,0,0,0,NA,NA,NA,NA,0,NA,NA,0,0,0,1,NA,0,0,1,0,1,NA,0,0,0,0,NA,NA,0,NA,NA,0,NA,1,1,1,1,0,0,1,1,1,1,0,1,0,1,1,0,1,1,0,1,1,1,1,NA,NA,NA,1,1,1,1,NA,1,1,1,1,1,1,1,1,1,1,1,NA,1,1,1,NA,1,1,1,1,1,0,1,1,1,1,1,1,1,1,1,1,1,1,NA,1,NA,NA,1,1,1,1,1,NA,NA,1,NA,1,1,1,1,1,1,1,NA,1,1,NA,1,1,1,1,NA,1,1,1,1,1,1,1,1,1,1,1,1,1,1,1,1,1,1,1,1,1,1,1,1,1,1,1,1,1,NA,1,1,1,1,1,1,1,1,1,1,1,1,NA,NA,1,1,1,1,1,1,1,1,1,1,1,1,1,1,1,1,1,1,1,"


37=>(29 v results)
"0,0,0,0,0,1,0,1,0,0,0,1,NA,0,0,1,0,0,0,1,1,0,0,1,1,0,1,0,1,0,1,0,0,0,0,1,0,1,0,0,0,0,1,0,0,0,0,1,0,0,0,0,0,NA,NA,0,0,0,0,0,0,0,1,NA,0,0,0,1,0,0,0,NA,NA,0,0,NA,1,0,1,0,0,0,0,1,NA,0,0,0,1,0,0,0,NA,0,0,0,0,1,1,0,NA,0,0,NA,0,0,0,1,0,NA,0,NA,1,NA,0,0,NA,0,0,1,0,NA,NA,NA,NA,NA,NA,NA,0,1,0,0,NA,NA,0,0,NA,0,NA,0,0,1,0,NA,0,NA,NA,NA,0,0,0,1,1,0,0,1,0,NA,NA,1,0,0,NA,0,0,NA,NA,NA,NA,1,1,NA,NA,1,1,1,1,1,NA,NA,NA,NA,NA,NA,1,1,NA,NA,NA,1,1,1,1,NA,NA,1,1,1,NA,1,1,1,1,1,1,1,1,1,1,1,1,1,1,1,1,1,1,NA,1,1,NA,NA,1,1,1,1,1,1,1,NA,1,NA,NA,1,NA,1,NA,NA,1,1,1,NA,1,NA,1,1,1,1,1,1,1,1,1,NA,NA,1,1,1,NA,NA,1,NA,1,1,1,1,1,1,1,NA,1,1,1,NA,NA,1,NA,NA,NA,1,1,1,1,1,1,1,NA,NA,NA,NA,NA,1,1,NA,1,1,NA,NA,1,NA,NA,NA,NA,NA,NA,NA,NA,",   
"0,0,0,0,0,1,0,1,0,0,0,1,NA,0,0,1,0,0,0,1,1,0,0,1,1,0,1,0,1,0,1,0,0,0,0,1,0,1,0,0,0,0,1,0,0,0,0,1,0,0,0,0,0,NA,NA,0,0,0,0,0,0,0,1,NA,0,0,0,1,0,0,0,NA,NA,0,0,NA,1,0,1,0,0,0,0,1,NA,0,0,0,1,0,NA,0,NA,0,0,0,0,1,1,0,NA,0,0,NA,0,0,0,1,0,NA,0,NA,1,NA,0,0,NA,0,0,1,0,NA,NA,NA,NA,NA,NA,NA,0,1,0,0,NA,NA,0,0,NA,0,NA,0,0,1,0,NA,0,NA,NA,NA,0,0,0,1,1,0,0,1,0,NA,NA,1,0,0,NA,0,0,NA,NA,NA,NA,1,1,NA,NA,1,1,1,1,1,NA,NA,NA,NA,NA,NA,1,1,NA,NA,NA,1,1,1,1,NA,NA,1,1,1,NA,1,1,1,1,1,1,1,1,1,1,1,1,1,1,1,1,1,1,NA,1,1,NA,NA,1,1,1,1,1,1,1,NA,1,NA,NA,1,NA,1,NA,NA,1,1,1,NA,1,NA,1,1,1,1,1,1,1,1,1,NA,NA,1,1,1,NA,NA,1,NA,1,1,1,1,1,1,1,NA,1,1,1,NA,NA,1,NA,NA,NA,1,1,1,1,1,1,1,NA,NA,NA,NA,NA,1,1,NA,1,1,NA,NA,1,NA,NA,NA,NA,NA,NA,NA,NA,"
46=>
"1,0,0,0,1,1,0,1,0,0,0,1,0,0,0,1,1,NA,0,0,NA,0,0,1,NA,0,0,0,1,0,NA,1,1,1,0,1,0,0,NA,NA,0,0,0,0,0,0,0,NA,0,0,0,0,NA,1,0,NA,0,NA,0,0,0,0,1,0,1,0,0,0,1,NA,1,1,0,0,0,0,1,0,1,0,0,0,0,1,0,1,1,0,0,0,0,0,0,0,0,1,1,0,1,0,0,0,0,1,0,0,0,0,0,0,0,0,1,0,1,1,0,0,0,0,1,0,0,0,0,0,1,1,0,0,0,0,1,0,NA,1,0,0,0,0,0,1,0,0,0,0,0,0,0,1,0,1,0,0,1,1,0,0,0,0,0,0,0,0,NA,0,1,1,0,1,1,1,1,1,1,NA,1,1,1,1,1,1,1,1,1,1,1,1,1,NA,NA,1,1,1,1,1,1,0,1,1,1,1,1,1,1,NA,1,1,1,1,1,1,NA,1,NA,NA,1,1,NA,1,1,1,1,1,NA,1,1,NA,1,1,1,1,1,1,1,1,1,1,NA,1,1,1,NA,NA,1,1,1,1,1,NA,1,1,1,1,1,1,1,1,1,1,1,1,1,1,1,1,1,NA,NA,1,1,1,1,1,1,1,1,1,0,1,1,1,NA,1,1,1,NA,1,1,1,1,1,NA,1,1,1,1,1,1,1,1,1,1,1,1,1,1,",   
"1,0,0,0,1,1,0,1,0,0,0,1,0,0,0,1,1,NA,0,0,NA,0,0,1,NA,0,0,0,1,0,NA,1,1,1,0,1,0,0,NA,NA,0,0,0,0,0,0,0,NA,0,0,0,0,NA,1,0,NA,0,NA,0,0,0,0,1,0,1,0,0,0,1,NA,1,1,0,0,0,0,1,0,1,0,0,0,0,1,0,1,1,0,0,0,0,0,0,0,0,1,1,0,1,0,0,0,0,1,0,0,0,0,0,0,0,0,1,0,1,1,0,0,0,0,1,0,0,0,0,0,1,1,0,0,0,0,1,0,NA,1,0,0,0,0,0,1,0,0,0,0,0,0,0,1,0,1,0,0,1,1,NA,0,0,0,0,0,0,0,NA,0,1,1,0,1,1,1,1,1,1,NA,1,1,1,1,1,1,1,1,1,1,1,1,1,NA,NA,1,1,1,1,1,1,0,1,1,1,1,1,1,1,NA,1,1,1,1,1,1,NA,1,NA,NA,1,1,NA,1,1,1,1,1,NA,1,1,NA,1,1,1,1,1,1,1,1,1,1,NA,1,1,1,NA,NA,1,1,1,1,1,NA,1,1,1,1,1,1,1,1,1,1,1,1,1,1,1,1,1,NA,NA,1,1,1,1,1,1,1,1,1,0,1,1,1,NA,1,1,1,NA,1,1,1,1,1,NA,1,1,1,1,1,1,1,1,1,1,1,1,1,1,"
51=>
"0,1,0,0,1,0,0,1,NA,0,0,1,0,0,0,1,1,0,1,0,0,0,0,0,1,0,0,0,0,0,1,1,0,0,0,0,0,0,1,NA,0,NA,0,0,0,0,0,0,0,0,0,0,0,0,0,NA,1,NA,0,1,0,0,1,0,0,1,0,1,1,NA,1,1,0,0,1,1,1,0,1,0,1,0,1,0,0,0,1,0,0,0,0,0,0,0,0,0,1,0,1,1,0,0,0,1,0,0,0,0,1,0,0,0,0,0,1,0,0,0,0,0,0,0,0,0,0,0,0,0,1,0,0,0,0,0,1,1,0,0,0,0,0,0,1,0,1,0,0,0,0,0,0,0,1,0,0,1,0,1,NA,1,0,0,1,1,0,NA,NA,NA,NA,NA,NA,NA,1,NA,NA,NA,1,1,1,1,1,1,1,1,1,1,1,1,1,1,1,1,1,NA,NA,1,1,1,NA,1,NA,1,1,1,1,1,1,1,1,1,1,1,1,1,NA,NA,1,1,1,1,1,1,1,1,1,1,NA,1,1,NA,NA,1,1,1,NA,1,1,1,1,1,1,1,1,1,1,1,1,1,1,1,1,1,1,1,1,1,1,1,1,1,NA,1,NA,NA,1,NA,NA,NA,NA,1,1,1,1,1,NA,NA,NA,NA,NA,1,1,1,1,NA,NA,1,1,1,NA,1,1,1,1,1,1,1,NA,NA,NA,1,1,1,1,1,NA,1,1,",  
"0,1,0,0,1,0,0,1,NA,0,0,1,0,0,0,1,1,0,1,0,0,0,0,0,1,0,0,0,0,0,1,1,0,0,0,0,0,0,1,NA,0,NA,0,0,0,0,0,0,0,0,0,0,0,0,0,NA,1,NA,0,1,0,0,1,0,0,1,0,1,1,NA,1,1,0,0,1,1,1,0,1,0,1,0,1,0,0,0,1,0,0,0,0,0,0,0,0,0,1,0,1,1,0,0,0,1,0,0,0,0,1,0,0,0,0,0,1,0,0,0,0,0,0,0,0,0,0,0,0,0,1,0,0,0,0,0,1,1,0,0,0,0,0,0,1,0,1,0,0,0,0,0,0,0,1,0,0,1,0,1,NA,1,0,0,1,1,0,NA,NA,NA,NA,NA,NA,NA,1,NA,NA,NA,1,1,1,1,1,1,1,1,1,1,1,1,1,1,1,1,1,NA,NA,1,1,1,NA,1,NA,1,1,1,1,1,1,1,1,1,1,1,1,1,NA,NA,1,1,1,1,1,1,1,1,1,1,NA,1,1,NA,NA,1,1,1,NA,1,1,1,1,1,1,1,NA,1,1,1,1,1,1,1,1,1,1,1,1,1,1,1,1,1,NA,1,NA,NA,1,NA,NA,NA,NA,1,1,1,1,1,NA,NA,NA,NA,NA,1,1,1,1,NA,NA,1,1,1,NA,1,1,1,1,1,1,1,NA,NA,NA,1,1,1,1,1,NA,1,1,"
55=>"0,0,1,1,0,1,0,1,0,0,0,1,0,1,1,1,0,0,1,1,0,1,0,0,1,0,1,0,1,0,0,0,0,1,0,0,0,1,1,0,0,0,0,0,0,0,0,0,0,0,0,0,1,0,0,0,1,0,0,1,0,0,1,0,0,1,NA,1,1,0,0,1,0,0,0,1,0,1,1,0,1,0,0,1,0,1,0,0,0,0,0,1,0,NA,0,1,1,0,1,0,1,0,0,1,NA,NA,0,1,0,0,0,0,NA,0,1,0,0,0,0,0,1,0,0,1,0,0,0,0,NA,0,0,1,1,0,0,1,0,1,0,0,0,1,0,0,1,0,0,0,1,NA,NA,1,1,0,0,NA,0,NA,NA,1,NA,0,0,1,0,0,0,0,0,1,1,1,1,1,1,1,1,1,1,1,1,1,1,1,1,1,1,1,1,1,1,1,1,1,1,1,1,1,1,1,1,1,1,1,1,1,1,1,1,1,1,1,1,1,0,1,1,1,1,1,1,1,1,1,1,1,1,1,1,1,1,1,1,1,1,1,1,1,1,1,1,1,1,0,1,1,1,1,1,1,1,1,1,1,1,1,1,1,1,1,1,1,1,1,1,1,1,1,1,1,1,1,1,1,1,1,1,1,1,1,1,0,1,1,1,1,1,1,1,1,1,1,1,1,1,1,1,1,1,1,1,1,1,1,1,1,1,",   63=>"1,1,1,0,0,0,0,1,0,0,0,1,0,1,1,1,1,0,1,0,1,1,0,1,1,1,0,1,1,0,0,1,1,1,0,1,0,1,1,0,0,0,0,0,0,0,0,0,0,1,1,1,0,0,0,0,0,0,1,1,0,1,0,0,0,1,0,0,1,0,0,1,0,0,1,1,1,1,1,0,0,0,1,1,1,1,1,0,1,0,0,0,0,1,0,0,1,NA,0,0,0,0,0,1,0,0,0,0,0,0,0,0,1,0,1,0,1,0,0,0,1,0,0,0,0,0,1,0,NA,1,0,1,1,0,0,1,0,0,0,0,0,1,0,1,0,0,NA,0,1,0,1,1,1,1,1,1,1,NA,1,1,0,0,0,0,1,1,0,NA,NA,NA,NA,NA,0,NA,NA,NA,0,0,0,0,0,0,0,0,0,0,0,0,0,0,0,0,0,NA,NA,0,0,0,NA,0,NA,0,0,0,0,0,0,0,0,0,0,0,0,0,0,0,0,0,0,0,0,0,0,NA,0,0,0,0,0,NA,NA,0,0,0,NA,0,0,0,0,0,0,1,0,0,0,0,0,0,0,0,0,0,0,0,0,0,0,0,0,0,NA,0,NA,NA,0,NA,NA,NA,NA,0,0,0,0,0,NA,NA,NA,NA,NA,0,0,0,0,0,0,0,0,0,NA,0,0,0,0,0,0,0,NA,NA,0,0,0,0,0,0,0,0,0,",  67=>"1,1,1,0,1,1,0,1,1,0,0,1,NA,0,1,1,1,0,1,1,0,0,1,0,1,0,0,0,1,1,0,0,1,1,0,1,1,0,1,0,0,0,1,0,0,0,0,NA,1,0,1,0,0,0,NA,0,1,0,0,1,0,0,1,0,1,1,0,1,1,0,0,1,NA,0,1,1,1,1,1,0,1,1,0,1,0,0,1,0,0,NA,0,1,NA,0,0,0,0,NA,0,0,NA,0,0,NA,0,0,0,0,1,NA,0,NA,1,NA,0,0,NA,0,0,0,0,NA,NA,NA,NA,0,NA,NA,0,0,0,1,NA,0,0,1,0,1,0,0,0,0,0,NA,NA,0,NA,NA,0,NA,1,1,1,1,0,0,1,1,1,1,0,1,0,1,1,0,1,1,0,1,1,1,1,NA,NA,NA,1,1,1,1,NA,1,1,1,1,1,1,1,1,1,1,1,NA,1,1,1,NA,1,1,1,1,1,0,1,1,1,1,1,1,1,1,1,1,1,1,NA,1,NA,NA,1,1,1,1,1,NA,NA,1,NA,1,1,1,1,1,1,1,NA,1,1,NA,1,1,1,1,NA,1,1,1,1,1,1,1,1,1,1,1,1,1,1,1,1,1,1,1,1,1,1,1,1,1,1,1,1,1,NA,1,1,1,1,1,1,1,1,1,1,1,1,NA,NA,1,1,1,1,1,1,1,1,1,1,1,1,1,1,1,1,1,1,1,",   74=>"0,NA,1,NA,0,NA,NA,1,NA,0,1,NA,NA,1,NA,1,1,NA,1,0,NA,0,0,NA,1,0,NA,1,1,0,1,0,0,0,0,0,1,1,1,0,0,1,0,NA,NA,0,NA,1,0,NA,NA,0,NA,NA,0,NA,NA,0,NA,NA,0,NA,NA,0,NA,NA,0,NA,NA,0,NA,NA,0,NA,NA,1,NA,NA,1,NA,NA,NA,0,NA,NA,NA,1,NA,1,NA,0,NA,NA,0,NA,0,NA,NA,0,0,NA,0,0,NA,0,0,0,0,1,NA,0,NA,0,NA,1,NA,NA,0,0,NA,0,NA,NA,NA,NA,NA,NA,NA,0,NA,NA,NA,NA,NA,0,1,NA,1,NA,NA,NA,NA,NA,NA,1,NA,NA,NA,NA,NA,NA,NA,NA,NA,NA,NA,NA,NA,NA,NA,NA,NA,NA,NA,NA,NA,NA,NA,NA,NA,NA,NA,1,NA,NA,NA,NA,1,NA,NA,NA,NA,1,1,NA,NA,1,1,1,NA,NA,NA,NA,NA,NA,NA,NA,NA,NA,NA,NA,NA,NA,NA,NA,NA,NA,NA,1,1,1,1,NA,NA,NA,NA,NA,NA,NA,NA,NA,NA,NA,NA,NA,NA,NA,NA,NA,NA,NA,NA,NA,NA,NA,NA,NA,NA,NA,NA,NA,NA,NA,NA,NA,NA,NA,NA,NA,NA,NA,NA,NA,NA,NA,NA,NA,NA,NA,NA,NA,NA,NA,NA,NA,NA,NA,NA,NA,NA,NA,NA,NA,NA,NA,NA,NA,NA,NA,NA,NA,NA,NA,NA,NA,NA,NA,NA,NA,1,NA,NA,NA,NA,NA,NA,NA,NA,NA,NA,1,1,1,1,1,1,1,",    83=>"1,1,1,0,0,1,1,NA,1,0,0,1,0,0,1,1,0,0,1,0,0,0,1,0,1,0,1,0,1,0,0,0,0,1,0,0,0,0,1,0,0,0,0,NA,0,NA,0,0,0,0,0,0,0,1,0,0,0,0,0,1,0,NA,1,0,1,1,0,1,1,0,0,1,0,0,1,0,1,1,1,0,NA,1,0,1,0,0,1,NA,0,0,0,0,0,0,0,0,0,0,0,NA,1,1,0,1,NA,0,0,0,0,NA,0,1,NA,0,NA,1,1,0,0,0,1,0,NA,1,0,0,1,1,1,0,0,NA,1,0,0,0,0,0,0,0,0,1,1,1,0,1,NA,0,0,0,1,1,0,1,0,1,0,0,1,1,0,0,1,1,1,1,1,1,0,1,1,1,1,1,1,1,1,1,NA,NA,1,NA,1,1,1,1,NA,1,NA,1,1,1,NA,NA,1,1,1,1,1,1,1,1,1,1,1,1,1,1,1,0,1,1,1,1,0,1,1,1,1,1,1,1,1,1,1,1,1,1,1,1,1,NA,NA,1,1,NA,1,1,1,1,1,1,1,1,1,1,NA,1,1,1,1,1,1,1,1,1,1,1,NA,1,1,1,1,1,1,NA,1,1,1,1,1,1,1,1,1,1,1,1,1,1,1,1,1,1,1,1,1,1,1,NA,0,0,1,1,NA,1,1,1,1,NA,0,1,NA,NA,NA,NA,NA,",  89=>
"NA,1,NA,NA,NA,1,NA,NA,0,1,0,1,0,0,1,1,0,0,1,0,0,1,1,0,1,1,0,0,1,0,0,1,NA,0,1,0,0,0,1,0,0,1,1,0,1,NA,0,0,NA,0,0,NA,0,1,NA,NA,0,0,0,1,0,0,1,0,1,1,NA,1,1,0,0,1,0,1,0,1,1,0,1,NA,0,NA,NA,0,NA,0,NA,0,NA,0,NA,1,NA,0,0,NA,1,NA,NA,NA,NA,NA,NA,NA,NA,NA,NA,NA,NA,NA,NA,NA,NA,NA,NA,NA,NA,0,0,0,NA,0,NA,0,NA,0,NA,1,0,NA,NA,NA,1,NA,0,1,NA,0,0,0,NA,1,0,NA,1,0,0,0,0,0,1,1,1,0,1,1,1,0,1,1,0,0,0,NA,NA,NA,NA,1,NA,1,1,NA,NA,NA,NA,NA,NA,NA,NA,NA,0,NA,NA,NA,NA,NA,NA,NA,NA,NA,NA,NA,NA,1,1,NA,NA,1,1,1,NA,NA,NA,NA,NA,NA,NA,NA,1,1,1,1,1,NA,1,NA,NA,1,NA,NA,NA,NA,1,1,NA,NA,NA,1,NA,1,1,NA,NA,1,1,NA,NA,NA,NA,NA,1,1,1,1,NA,1,1,1,1,NA,NA,NA,NA,1,NA,1,NA,NA,NA,NA,1,1,1,1,NA,1,1,1,1,NA,NA,NA,NA,1,1,1,1,1,1,NA,NA,NA,NA,1,NA,1,1,1,1,NA,NA,NA,NA,NA,NA,1,NA,1,NA,NA,NA,NA,NA,NA,NA,NA,NA,",    
"NA,1,NA,NA,NA,1,NA,NA,0,1,0,1,0,0,1,1,0,0,1,0,0,1,1,0,1,1,0,0,1,0,0,1,NA,0,1,0,0,0,1,0,0,1,1,0,1,NA,0,0,NA,0,0,NA,0,1,NA,NA,0,0,0,1,0,0,1,0,1,1,NA,1,1,0,0,1,0,1,0,1,1,0,1,NA,0,NA,NA,0,NA,0,NA,0,NA,0,NA,1,NA,0,0,NA,1,NA,NA,NA,NA,NA,NA,NA,NA,NA,NA,NA,NA,NA,NA,NA,NA,NA,NA,NA,NA,0,0,0,NA,0,NA,0,NA,0,NA,1,0,NA,NA,NA,1,NA,0,1,NA,0,0,0,NA,1,0,NA,1,0,0,0,0,0,1,1,1,0,1,1,1,0,1,1,0,0,0,NA,NA,NA,NA,1,NA,1,1,NA,NA,NA,NA,NA,NA,NA,NA,NA,0,NA,NA,NA,NA,NA,NA,NA,NA,NA,NA,NA,NA,1,1,NA,NA,1,1,1,NA,NA,NA,NA,NA,NA,NA,NA,1,1,1,1,1,NA,1,NA,NA,1,NA,NA,NA,NA,1,1,NA,NA,NA,1,NA,1,1,NA,NA,1,1,NA,NA,NA,NA,NA,1,1,1,1,NA,1,1,1,1,NA,NA,NA,NA,1,NA,1,NA,NA,NA,NA,1,1,1,1,NA,1,NA,1,1,NA,NA,NA,NA,1,1,1,1,1,1,NA,NA,NA,NA,1,NA,1,1,1,1,NA,NA,NA,NA,NA,NA,1,NA,1,NA,NA,NA,NA,NA,NA,NA,NA,NA,"
94=>"0,1,1,0,0,1,0,1,0,0,0,1,0,1,1,1,0,1,0,1,0,0,0,0,1,0,1,0,1,0,1,0,0,1,0,1,0,1,1,0,0,0,0,0,0,0,0,0,0,0,0,0,0,1,0,0,1,0,0,1,0,0,1,0,0,1,0,1,1,0,0,1,0,0,0,1,1,1,1,0,0,0,0,1,0,0,0,0,0,0,0,0,0,0,0,1,1,0,0,0,0,0,0,1,1,0,0,1,0,0,0,0,1,0,1,0,0,0,0,0,0,0,0,1,0,0,0,0,1,0,0,0,1,0,0,1,0,1,0,0,0,1,0,0,0,0,0,0,0,0,0,1,1,1,0,1,1,0,0,1,0,0,0,1,1,0,0,0,0,1,1,1,1,1,1,1,1,1,1,1,1,1,1,1,1,1,1,1,1,1,1,0,0,1,1,0,1,1,1,1,1,1,1,1,1,1,1,1,1,1,1,1,0,1,0,1,1,1,0,1,1,1,1,1,1,1,1,1,1,1,1,1,1,1,1,1,1,1,1,0,1,1,1,0,1,1,1,1,1,1,1,1,1,1,1,1,1,1,1,1,1,1,1,1,1,1,1,1,1,1,1,1,1,1,1,1,1,1,1,0,1,1,1,1,1,1,1,0,1,1,0,0,0,1,1,1,1,1,1,1,1,1,1,1,1,1,1,",   103=>"0,0,1,1,0,1,0,1,NA,0,0,1,0,0,1,0,0,0,1,0,0,1,1,0,1,NA,0,1,1,0,1,0,1,0,0,1,0,0,0,0,0,0,NA,0,0,0,0,0,NA,NA,0,NA,0,0,0,NA,0,0,0,0,0,0,1,NA,NA,1,NA,NA,1,0,0,0,NA,NA,0,NA,1,0,NA,0,1,0,0,NA,0,0,NA,0,NA,0,NA,NA,0,0,1,0,0,0,1,NA,1,NA,NA,0,NA,0,0,0,0,0,0,0,0,0,0,0,1,0,0,0,0,NA,0,1,0,1,1,0,NA,0,0,0,NA,NA,0,1,0,1,0,NA,0,NA,0,0,NA,0,NA,0,0,0,0,1,NA,1,0,1,0,0,1,NA,0,NA,0,0,NA,NA,NA,1,NA,1,NA,1,0,1,1,1,NA,1,1,1,1,1,1,1,1,1,0,NA,0,NA,NA,1,1,1,1,1,0,NA,1,0,1,1,1,1,1,NA,1,NA,1,1,NA,0,NA,0,NA,0,0,0,0,0,1,1,NA,1,0,0,0,0,1,1,NA,1,0,1,1,1,1,1,1,0,NA,NA,0,0,1,1,1,1,1,1,1,1,1,NA,1,1,1,1,1,NA,0,NA,NA,1,1,0,1,1,0,0,NA,1,1,1,1,0,1,1,1,1,NA,0,1,1,1,NA,1,1,NA,0,0,0,0,0,1,1,1,1,1,0,NA,1,1,1,1,1,NA,",  109=>"0,1,1,0,0,1,0,1,0,0,0,1,0,1,1,1,0,1,1,1,0,0,0,0,1,0,1,1,1,0,0,0,0,1,0,0,1,1,1,0,0,0,0,0,0,0,0,0,0,0,0,0,0,0,0,0,1,0,0,1,0,1,1,0,0,1,0,1,1,0,0,1,0,0,0,1,1,0,1,0,1,0,1,1,0,1,1,0,0,0,0,0,0,0,1,0,0,1,0,1,0,0,0,1,0,0,0,1,0,0,0,0,0,0,0,0,1,0,0,0,1,0,0,0,0,0,0,0,1,1,0,0,1,0,0,1,0,1,0,0,0,1,1,0,1,0,0,0,0,0,0,1,1,0,1,1,0,1,1,1,0,0,0,0,1,0,1,1,1,1,1,1,1,1,1,1,1,1,1,1,1,1,1,1,1,1,1,1,1,1,1,1,1,1,1,1,1,1,1,1,1,1,1,1,1,1,1,1,1,1,1,1,1,1,1,0,1,1,1,1,0,0,1,1,0,1,1,1,1,1,1,1,1,0,1,1,1,1,0,1,1,1,1,1,1,1,1,1,1,1,1,1,1,1,1,1,1,1,1,1,1,1,1,1,1,1,1,1,1,1,1,1,1,1,1,1,1,1,1,1,1,1,1,1,1,1,1,1,1,0,1,1,1,1,1,1,1,1,1,1,1,0,1,1,1,1,1,",  115=>"0,0,1,1,0,1,0,1,0,0,1,1,0,0,1,1,1,0,0,0,0,0,1,1,1,0,0,1,1,0,0,1,1,1,1,0,0,1,1,0,0,0,0,0,0,0,0,0,0,0,0,0,0,1,0,0,0,0,0,1,0,1,1,0,0,1,0,1,1,0,0,1,0,1,1,1,1,1,1,0,0,0,0,1,1,0,1,0,0,1,0,1,0,0,0,0,1,0,0,0,1,0,0,1,0,0,0,0,1,0,0,0,0,0,1,0,1,0,0,0,1,1,0,1,0,0,0,1,0,0,0,1,1,0,0,1,0,1,0,0,0,1,0,0,1,1,0,0,0,0,0,1,0,1,0,1,0,1,1,1,0,0,0,1,0,0,0,1,1,1,1,1,1,1,1,1,1,1,1,1,1,1,1,1,1,1,1,1,1,1,1,1,1,1,1,1,1,1,1,1,1,1,1,1,1,1,1,1,1,1,1,1,1,1,1,1,1,1,1,1,1,1,1,1,1,1,1,1,1,1,1,1,1,1,1,1,1,1,1,1,1,1,1,1,1,1,1,1,1,1,1,1,1,1,1,1,1,1,1,1,1,1,1,1,1,1,1,1,1,1,1,1,1,1,1,1,1,1,1,1,1,1,1,1,1,1,1,1,1,1,1,1,1,1,1,1,1,1,1,1,1,1,1,1,1,1,1,",  127=>"0,1,1,1,0,1,0,1,0,0,0,1,0,0,1,1,1,0,1,0,1,0,1,0,1,1,1,0,1,0,1,0,0,0,0,1,0,0,1,0,0,0,0,1,0,0,0,0,1,0,0,0,0,1,0,0,1,0,0,1,1,1,1,0,0,0,0,1,1,0,0,1,0,0,0,1,1,1,1,0,1,0,0,1,0,0,1,0,0,0,0,1,0,0,0,0,1,0,0,0,1,0,0,1,0,0,0,1,0,0,0,0,0,0,1,0,0,0,0,0,0,0,0,0,0,0,1,1,1,1,0,1,1,0,0,1,0,1,0,0,0,1,0,0,0,0,0,0,0,0,0,1,1,0,0,1,0,0,1,1,0,0,0,0,1,0,1,1,1,1,1,1,1,1,1,1,1,1,1,0,1,1,0,1,1,1,1,1,1,0,1,1,1,1,1,1,1,1,1,1,1,1,1,1,1,1,1,1,1,1,1,1,1,1,1,1,1,1,1,1,1,1,1,1,1,1,1,1,1,1,1,1,1,1,1,1,1,1,1,1,0,1,1,1,1,1,1,1,1,1,1,1,1,1,1,1,1,1,1,1,1,1,1,1,1,1,1,1,1,1,1,1,1,1,1,1,1,1,1,1,1,1,1,1,1,1,1,1,1,1,1,1,1,1,1,1,1,1,1,1,1,1,1,1,1,1,0,",  150=>"0,1,1,1,0,1,0,1,0,1,0,1,0,0,1,1,1,0,0,1,0,0,1,1,1,0,0,1,1,0,0,0,0,1,0,0,0,1,1,0,0,1,0,0,0,0,0,0,0,0,0,0,0,1,0,0,0,NA,0,1,1,0,1,0,1,1,1,1,0,0,0,1,0,0,1,1,1,1,1,0,0,0,0,0,0,NA,1,0,0,0,0,1,0,0,0,0,0,0,0,1,1,1,0,1,1,0,0,1,0,0,0,0,1,0,0,0,1,0,0,0,0,0,0,0,NA,0,1,0,0,0,0,0,1,0,1,0,0,1,0,0,0,1,0,1,0,0,0,0,0,0,0,1,0,1,0,1,0,1,1,1,1,0,0,1,0,0,NA,1,0,1,1,1,1,1,1,1,1,1,1,1,1,1,1,1,1,1,1,1,1,1,1,1,1,1,1,1,NA,1,1,1,1,1,1,1,1,1,1,1,1,1,1,1,1,1,1,1,NA,1,1,1,1,1,1,NA,1,NA,NA,1,1,1,1,1,1,1,1,1,1,1,1,1,1,1,1,1,1,1,1,NA,1,1,1,1,1,NA,1,1,1,1,1,1,1,1,1,1,1,1,1,1,1,1,1,1,1,1,1,1,1,1,1,1,1,1,1,1,1,1,1,1,1,1,1,1,1,1,1,1,1,1,1,1,1,1,1,1,1,1,1,",   159=>"1,1,NA,1,NA,1,1,1,0,1,0,1,0,1,1,1,1,1,1,0,1,1,1,0,1,1,1,1,1,0,0,1,1,0,1,1,1,0,1,0,0,0,0,1,1,0,1,1,0,1,0,NA,NA,1,0,0,1,0,1,1,1,1,1,0,0,1,NA,1,1,0,1,1,0,1,1,1,1,1,1,0,1,1,NA,1,0,0,1,1,0,1,0,1,NA,0,1,0,1,0,NA,1,NA,NA,0,NA,NA,NA,NA,1,NA,NA,NA,NA,NA,NA,1,1,NA,0,0,1,NA,NA,NA,NA,NA,NA,NA,NA,0,0,0,0,NA,NA,0,1,NA,1,NA,0,0,1,1,NA,1,NA,NA,NA,0,1,1,0,1,1,1,1,0,1,1,1,0,1,NA,0,1,NA,NA,NA,NA,NA,NA,NA,NA,NA,NA,NA,1,NA,NA,NA,NA,NA,NA,NA,1,1,NA,NA,NA,1,1,0,1,NA,NA,0,0,0,NA,0,NA,1,1,1,1,1,1,0,1,1,1,1,0,0,0,0,0,0,0,0,0,0,1,0,0,0,0,0,1,NA,NA,1,1,0,NA,0,1,1,0,0,0,NA,0,0,0,1,0,0,1,1,1,1,1,1,1,1,1,1,NA,0,NA,1,NA,NA,1,NA,NA,NA,NA,NA,1,1,1,1,NA,NA,NA,NA,NA,1,1,1,1,1,1,1,1,1,NA,NA,NA,0,0,0,1,1,NA,NA,NA,NA,NA,NA,NA,NA,NA,NA,NA,",  163=>"1,1,0,1,0,1,0,1,0,0,0,1,0,0,1,0,1,1,1,1,1,0,1,1,1,1,1,0,1,0,0,0,0,0,0,1,1,0,1,0,0,0,0,0,0,0,0,0,1,1,0,0,0,1,1,0,1,0,0,1,1,1,1,0,0,1,1,1,0,0,0,0,0,0,0,1,1,1,1,0,0,0,0,1,0,0,1,0,0,0,0,1,0,0,0,0,0,0,0,0,1,1,0,1,0,0,0,0,0,0,0,0,0,0,0,0,0,0,1,0,1,0,0,0,0,0,1,0,1,0,0,0,0,0,0,0,0,1,0,1,0,1,0,1,1,0,0,0,0,0,0,0,0,1,0,1,1,1,1,1,0,0,0,1,1,0,1,1,1,1,1,1,1,1,1,1,1,1,1,1,1,1,1,1,1,1,1,1,1,1,1,1,1,1,1,1,1,1,1,1,1,1,1,1,1,1,1,1,1,1,1,1,1,1,1,1,1,1,1,1,1,1,1,1,1,1,1,1,1,1,1,1,1,1,1,1,1,1,1,1,1,1,1,1,1,1,1,1,1,1,1,1,1,1,1,1,1,1,1,1,1,1,1,1,1,1,1,1,1,1,1,1,1,1,1,1,1,1,1,1,1,1,1,1,1,1,1,1,1,1,1,1,1,1,1,1,1,1,1,1,1,1,1,1,1,1,1,",   170=>"1,1,0,1,1,1,0,1,0,0,0,1,0,0,1,0,0,0,1,1,0,0,1,0,1,0,1,1,1,0,0,0,0,1,0,0,0,0,1,0,0,0,0,1,1,0,0,0,0,1,0,0,0,1,0,0,0,0,0,1,0,0,1,0,1,1,1,1,1,0,1,1,0,0,1,1,1,0,1,0,1,0,1,1,0,0,1,0,0,0,0,0,0,0,0,0,0,0,0,0,1,1,0,1,0,0,0,0,1,0,0,0,1,0,0,0,1,0,0,0,0,0,0,0,0,1,0,0,0,0,0,1,1,0,0,1,0,0,0,0,0,1,0,0,1,0,0,0,0,0,1,1,1,1,1,1,0,1,1,1,0,0,0,1,0,0,1,1,1,1,0,0,1,1,1,1,1,1,0,0,0,0,1,0,1,1,0,0,0,1,1,1,0,0,1,0,1,1,0,1,1,0,0,1,1,0,0,0,1,1,1,1,0,1,1,1,1,1,1,1,1,1,1,1,1,1,1,1,1,1,1,1,1,1,1,1,1,1,1,1,1,0,1,1,1,1,1,1,1,1,1,0,1,1,1,1,1,1,1,1,0,1,1,1,1,1,1,1,1,0,1,1,1,1,0,0,1,1,1,1,1,1,1,1,1,1,1,1,1,0,0,1,1,0,1,1,0,1,0,0,0,0,1,1,0,0,1,",  179=>"0,1,1,0,0,1,0,1,1,0,0,1,0,0,1,1,0,0,1,0,NA,0,1,NA,1,1,NA,1,1,1,NA,1,0,1,1,0,0,1,1,NA,0,0,0,0,0,0,0,0,0,1,0,0,NA,NA,0,NA,1,NA,0,0,0,1,1,0,0,0,0,1,1,NA,NA,1,0,1,NA,1,1,1,1,NA,1,0,0,1,NA,NA,1,0,0,1,0,1,0,0,0,0,1,0,1,1,0,0,0,1,1,1,0,1,0,0,0,0,0,0,0,0,1,NA,0,0,1,0,0,1,0,0,1,1,0,0,0,NA,0,NA,1,1,0,1,0,1,0,1,0,0,1,0,0,0,1,0,0,0,1,1,0,1,0,1,1,1,0,0,0,NA,1,0,1,1,0,NA,1,NA,1,1,1,1,1,NA,NA,NA,NA,NA,1,1,1,1,1,1,1,NA,1,NA,NA,NA,NA,1,NA,1,NA,1,NA,1,1,1,1,1,1,1,1,1,1,1,1,NA,NA,NA,1,NA,1,1,1,1,1,1,NA,NA,NA,NA,1,1,1,1,1,1,1,1,1,1,1,1,1,1,1,NA,NA,NA,1,1,NA,1,1,1,1,1,1,1,NA,1,1,1,1,1,1,NA,1,1,NA,NA,1,NA,1,1,1,1,NA,NA,NA,NA,NA,1,NA,NA,NA,1,NA,1,1,1,1,NA,NA,NA,NA,1,1,1,NA,NA,NA,NA,1,1,1,1,1,1,1,",      188=>"0,0,1,0,0,0,0,1,0,0,0,1,0,0,1,1,0,0,1,0,0,0,0,0,1,1,0,0,1,0,0,0,0,1,0,0,0,0,1,0,0,0,1,0,0,0,0,0,1,0,0,0,0,0,0,0,0,0,1,1,0,0,1,0,1,0,0,1,0,0,0,1,0,0,1,1,1,0,1,0,0,0,0,1,0,1,1,0,0,0,0,1,0,0,0,0,0,0,0,0,0,1,0,1,0,0,0,0,0,0,0,0,1,0,0,0,1,0,0,1,1,0,0,1,0,0,0,0,0,0,0,0,1,NA,0,1,0,0,0,0,0,1,0,0,1,0,0,0,0,0,0,1,1,0,0,1,0,1,1,1,0,0,0,1,1,0,1,0,0,1,1,1,1,1,1,1,1,1,1,1,1,1,1,1,1,1,1,1,1,1,1,1,1,1,1,1,1,1,1,1,1,1,1,1,1,1,1,1,1,1,1,1,1,1,1,1,1,1,1,1,1,1,1,1,1,1,1,1,1,1,1,1,1,1,1,1,1,1,1,1,1,1,1,1,1,1,1,1,1,1,1,1,1,1,1,1,1,1,1,1,1,1,1,1,1,1,1,1,1,1,1,1,1,1,1,1,1,1,1,1,1,1,1,1,1,1,1,1,1,1,1,1,1,1,1,1,1,1,1,1,1,1,1,1,1,1,1,",     205=>"0,1,1,1,0,1,0,1,0,0,0,1,1,0,1,1,0,0,0,0,1,0,0,0,1,1,1,1,1,0,0,0,1,1,0,0,1,0,1,0,0,0,0,0,0,0,0,0,0,0,0,0,0,0,0,0,0,0,0,1,0,1,1,0,1,1,0,1,0,0,0,0,0,0,0,1,1,0,1,0,1,0,0,1,0,0,0,0,0,0,0,1,0,0,0,0,1,0,0,1,0,1,0,1,0,0,0,1,0,0,0,0,0,0,1,0,0,0,0,0,0,0,0,0,0,0,0,0,0,0,0,0,1,0,0,1,0,0,0,0,0,1,0,0,0,0,0,0,0,0,0,1,1,1,0,1,0,1,1,1,0,0,0,0,1,0,1,1,1,1,1,1,1,1,1,1,1,1,1,1,1,1,1,1,1,1,1,1,1,1,1,1,1,1,1,0,1,1,1,1,1,1,1,1,1,1,1,1,1,1,1,1,1,1,1,1,1,1,1,1,1,1,1,1,1,1,1,1,1,1,1,1,1,1,1,1,1,1,1,1,1,1,1,1,1,1,1,1,1,1,1,1,1,1,1,1,1,1,1,1,1,1,1,1,1,1,1,1,1,1,1,1,1,1,1,1,1,1,1,1,1,1,1,1,1,1,1,1,1,1,1,1,1,1,1,1,1,1,1,1,1,1,1,1,1,1,1,",  211=>"0,0,0,0,0,1,NA,1,0,0,NA,NA,0,1,1,0,1,0,0,0,0,0,NA,0,1,0,0,0,0,0,0,0,0,1,0,0,0,0,1,0,0,0,0,0,0,0,0,0,0,0,0,0,0,1,0,0,1,0,0,1,0,0,1,0,0,1,0,1,0,0,0,1,0,1,1,1,1,0,1,NA,1,NA,0,1,NA,0,0,0,0,NA,0,1,0,NA,1,0,1,1,0,0,1,1,0,0,1,0,NA,0,0,0,0,0,0,0,1,NA,1,0,0,0,0,0,0,0,0,0,0,1,0,NA,NA,NA,0,0,0,1,0,0,0,NA,0,1,0,0,0,0,0,0,0,0,0,NA,1,0,0,1,0,0,1,0,0,0,1,NA,0,0,0,0,0,1,1,1,1,1,1,1,1,1,1,1,1,1,1,1,1,1,1,1,1,1,1,1,1,1,1,1,1,1,1,1,1,1,1,1,1,NA,1,1,1,1,1,1,1,1,1,1,1,1,1,1,1,1,1,1,1,NA,1,1,1,1,1,1,1,1,1,1,1,1,1,1,1,1,1,1,1,1,1,NA,1,1,1,1,1,1,1,1,1,1,1,1,1,1,1,1,1,1,1,1,1,1,1,1,1,1,1,NA,1,1,1,1,1,1,1,1,1,1,1,1,1,1,1,1,NA,NA,1,1,1,1,1,1,1,1,1,1,1,1,1,",  215=>
"1,1,0,1,0,1,0,1,1,NA,0,1,0,0,1,1,0,0,1,0,1,0,1,1,1,0,1,1,0,0,0,1,0,1,1,0,0,0,1,0,0,0,0,0,0,0,0,0,0,0,1,0,0,0,0,0,1,0,0,1,1,1,1,0,1,1,NA,1,0,0,0,1,0,1,1,1,1,0,1,0,1,0,1,1,0,0,1,0,1,0,0,0,0,1,0,0,1,0,NA,0,0,1,0,1,0,1,0,0,0,0,0,0,0,0,0,0,1,0,0,0,0,NA,0,0,0,0,0,0,1,1,0,0,1,0,0,1,0,1,NA,0,0,1,0,1,0,NA,NA,0,1,0,0,1,NA,1,1,1,1,1,1,1,0,0,0,1,1,1,1,0,1,0,1,1,1,1,1,1,1,1,1,1,1,1,1,1,1,1,1,1,1,1,1,0,1,0,1,1,1,1,1,1,0,1,1,1,1,1,1,1,1,1,1,0,1,NA,1,NA,1,0,NA,1,1,1,1,1,1,1,0,1,1,1,1,1,1,1,1,1,1,1,1,1,1,0,NA,1,NA,1,1,NA,1,1,1,1,1,1,1,1,1,1,1,1,0,1,1,1,1,1,1,1,1,0,1,1,0,1,1,0,1,1,1,1,1,1,1,1,1,1,1,1,1,1,1,0,1,1,1,1,1,1,1,1,1,NA,1,1,1,1,1,",    
"1,1,0,1,0,1,0,1,1,NA,0,1,0,0,1,1,0,0,1,0,1,0,1,1,1,0,1,1,0,0,0,1,0,1,1,0,0,0,1,0,0,0,0,0,0,0,0,0,0,0,1,0,0,0,0,0,1,0,0,1,1,1,1,0,1,1,NA,1,0,0,0,1,0,1,1,1,1,0,1,0,1,0,1,1,0,0,1,0,1,0,0,0,0,1,0,0,1,0,NA,0,0,1,0,1,0,1,0,0,0,0,0,0,0,0,0,0,1,0,0,0,0,NA,0,0,0,0,0,0,1,1,0,0,1,0,0,1,0,1,NA,0,0,1,0,1,0,NA,NA,0,1,0,0,1,NA,1,1,1,1,1,1,1,0,0,0,1,1,1,1,0,1,0,1,1,1,1,1,1,1,1,1,1,1,1,1,1,1,1,1,1,1,1,1,0,1,0,1,1,1,1,1,1,0,1,1,1,1,1,1,1,1,1,1,0,1,NA,1,NA,1,0,NA,1,1,1,1,1,1,1,0,1,1,1,1,1,1,1,1,1,1,1,1,1,1,0,NA,1,NA,1,1,NA,1,1,1,1,1,1,1,1,1,1,1,1,0,1,1,1,1,1,1,1,1,0,1,1,0,1,1,0,1,1,1,1,1,1,1,1,1,1,1,NA,1,1,1,0,1,1,1,1,1,1,1,1,1,NA,1,1,1,1,1,"
222=>
"1,1,1,0,0,1,0,1,0,0,0,1,0,0,0,1,1,0,0,1,0,1,1,0,1,0,1,0,1,0,0,0,1,1,0,0,0,1,1,0,0,0,0,0,0,0,0,0,0,1,0,0,0,0,0,0,0,0,0,1,0,1,1,0,1,0,0,0,0,0,0,0,0,0,0,1,1,0,1,0,1,0,0,1,0,0,0,0,0,0,0,1,0,0,0,1,1,0,0,0,1,0,0,0,1,0,0,0,0,0,1,0,1,0,0,0,1,1,0,0,0,0,0,1,0,0,1,1,1,0,0,0,1,0,0,1,0,0,0,0,0,1,0,1,0,0,0,0,0,1,0,0,1,1,0,1,0,1,1,1,0,0,0,0,0,0,1,1,1,1,1,1,1,1,1,1,1,1,1,1,1,1,1,1,1,1,1,1,1,1,1,1,1,1,1,1,1,1,1,1,1,1,1,1,1,1,1,1,1,1,1,1,1,1,1,1,1,1,1,1,1,1,1,1,1,1,1,1,1,1,1,1,1,1,1,1,1,1,1,1,1,1,1,1,1,1,1,1,1,1,1,1,1,1,1,1,1,1,1,1,1,1,1,1,1,1,1,1,1,1,1,1,1,1,1,1,1,1,1,1,1,1,1,1,1,1,1,1,1,1,1,1,1,1,0,1,1,1,1,1,1,1,1,1,1,1,1,",   
"1,1,1,0,0,1,0,1,0,0,0,1,0,0,0,1,1,0,0,1,0,1,1,0,1,0,1,0,1,0,0,0,1,1,0,0,0,1,1,0,0,0,0,0,0,0,0,0,0,1,0,0,0,0,0,0,0,0,0,1,0,1,1,0,1,0,0,0,0,0,0,0,0,0,0,1,1,0,1,0,1,0,0,1,0,0,0,0,0,0,0,1,0,0,0,1,1,0,0,0,1,0,0,0,1,0,0,0,0,0,1,0,1,0,0,0,1,1,0,0,0,0,0,1,0,0,1,1,1,0,0,0,1,0,0,1,0,0,0,0,0,1,0,1,0,0,0,0,0,1,0,0,1,1,0,1,0,1,1,1,0,0,0,0,0,0,1,1,1,1,1,1,1,1,1,1,1,1,1,1,1,1,1,1,1,1,1,1,1,1,1,1,1,1,1,1,1,1,1,1,1,1,1,1,1,1,1,1,1,1,1,1,1,NA,1,1,1,1,1,1,1,1,1,1,1,1,1,1,1,1,1,1,1,1,1,1,1,1,1,1,1,1,1,1,1,1,1,1,1,1,1,1,1,1,1,1,1,1,1,1,1,1,1,1,1,1,1,1,1,1,1,1,1,1,1,1,1,1,1,1,1,1,1,1,1,1,1,1,1,1,1,1,1,1,0,1,1,1,1,1,1,1,1,1,1,1,1,"
241=>
"1,1,1,1,1,1,0,1,1,0,0,1,1,1,1,0,0,0,1,0,0,1,1,0,1,1,0,1,1,0,0,1,1,1,0,1,1,0,0,0,1,1,1,0,0,0,0,1,0,1,1,1,0,0,1,0,1,NA,0,1,1,0,1,0,1,0,1,1,1,0,0,1,0,0,1,1,1,0,1,0,0,1,0,1,0,0,1,0,0,0,0,1,0,0,0,0,0,0,0,0,0,0,1,NA,0,1,0,0,1,NA,1,NA,1,NA,1,1,NA,0,1,1,1,0,NA,1,NA,1,NA,0,1,0,0,1,0,0,1,1,0,1,0,0,0,1,0,1,1,0,0,0,1,0,1,0,1,1,1,1,1,1,1,1,0,1,0,1,1,0,1,1,1,1,1,1,1,1,1,1,1,1,1,1,1,1,1,1,1,1,0,1,1,1,1,1,1,1,0,1,1,1,1,0,1,1,0,1,1,1,1,0,1,1,1,NA,0,0,0,1,1,0,1,1,1,1,1,1,1,0,0,0,1,1,1,1,1,1,1,1,1,1,0,0,1,1,1,0,1,1,1,1,1,1,1,1,1,1,1,1,0,1,1,1,1,1,1,1,1,1,1,1,1,1,1,0,0,1,1,1,1,1,1,1,1,0,0,0,0,1,1,1,1,1,0,0,0,0,1,1,1,1,1,0,1,0,0,1,1,0,1,",  
"1,1,1,1,1,1,0,1,1,0,0,1,1,1,1,0,0,0,1,0,0,1,1,0,1,1,0,1,1,0,0,1,1,1,0,1,1,0,0,NA,1,1,1,0,0,0,0,1,0,1,1,1,0,0,1,0,1,NA,0,1,1,0,1,0,1,0,1,1,1,0,0,1,0,0,1,1,1,0,1,0,0,1,0,1,0,0,1,0,0,0,0,1,0,0,0,0,0,0,0,0,0,0,1,NA,0,1,0,0,1,NA,1,NA,1,NA,1,1,NA,0,1,1,1,0,NA,1,NA,1,NA,0,1,0,0,1,0,0,1,1,0,1,0,0,0,1,0,1,1,0,0,0,1,0,1,0,1,1,1,1,1,1,1,1,0,1,0,1,1,0,1,1,1,1,1,1,1,1,1,1,1,1,1,1,1,1,1,1,1,1,0,1,1,1,1,1,1,1,0,1,1,1,1,0,1,1,0,1,1,1,1,0,1,1,1,NA,0,0,0,1,1,0,1,1,1,1,1,1,1,0,0,0,1,1,1,1,1,1,1,1,1,1,0,0,1,1,1,0,1,1,1,1,1,1,1,1,1,1,1,1,0,1,1,1,1,1,1,1,1,1,1,1,1,1,1,0,0,1,1,1,1,1,1,1,1,0,0,0,0,1,1,1,1,1,0,0,0,0,1,1,1,1,1,0,1,0,0,1,1,0,1,"





